q1,q2,q3,q4,q5,q6,
-1.740100104950051,0.14170070573564525,-0.027111627803528833,0.9812629426983505,-0.20412892565578653,-2.542325273953161,
-1.740100104950051,0.14170070573564525,-0.027111627803528833,0.9812629426983505,-0.20412892565578653,-2.542325273953161,
-1.7401001049372904,0.1426722723629281,-0.03343651068793185,1.0030744951133912,-0.20120114931383945,-2.5645924955399373,
-1.7401001049349938,0.1435977379799899,-0.03971569132602215,1.0255251848334357,-0.19837305596223095,-2.5874987559763603,
-1.7401001049505533,0.14447708537045367,-0.04594938590688196,1.0486202235195812,-0.19564888503293834,-2.611049293284033,
-1.7401001049505296,0.14531029068095752,-0.052137800266508,1.0723623791860084,-0.1930329792607463,-2.635246901500237,
-1.7401001049505034,0.14609732360155958,-0.05828113027749534,1.096751664138314,-0.19052976735142504,-2.6600916186307164,
-1.7401001049504752,0.14683814754419294,-0.06437956199216999,1.1217850140114296,-0.1881437434169327,-2.6855804056931434,
-1.7401001049504459,0.14753271981634009,-0.0704332718988653,1.147455973678538,-0.18587944307097226,-2.711706832635258,
-1.7401001049504161,0.14818099179109223,-0.07644242714654999,1.1737543950847034,-0.18374141612745376,-2.7384607761764905,
-1.7401001049503875,0.14878290907377628,-0.08240718576173989,1.2006661573383908,-0.18173419594362378,-2.765828139907043,
-1.7401001049503613,0.14933841166540993,-0.0883276968580774,1.2281729198956004,-0.17986226555713195,-2.7937906074791576,
-1.7401001049503393,0.1498474341232393,-0.09420410083895822,1.256251920425221,-0.17813002089048668,-2.822325440479214,
-1.7401001049503235,0.15030990571861166,-0.10003652959356871,1.2848758292670397,-0.17654173143254673,-2.851405332892073,
-1.7401001049503162,0.1507257505924068,-0.10582510668666277,1.3140126721662517,-0.1751014989496155,-2.8809983338415517,
-1.7401001049503186,0.1510948879082586,-0.11156994754241617,1.343625832087262,-0.17381321492133284,-2.91106784940981,
-1.7401001049503326,0.1514172320037759,-0.11727115962265834,1.3736741393039038,-0.17268051753034702,-2.9415727327328023,
-1.7401001049503593,0.1516926925399733,-0.12292884259978352,1.4041120566091114,-0.1717067491500776,-2.972467469214826,
-1.7401001049503986,0.15192117464910473,-0.128543088524623,1.4348899634213654,-0.17089491536175688,-3.003702460639504,
-1.7401001049504499,0.15210257908109062,-0.1341139819895454,1.465954538894085,-0.17024764658086378,-3.0352244082833795,
-1.7401001049505118,0.15223680234871917,-0.1396416002870477,1.497249240035201,-0.1697671633760843,-3.0669767910393704,
-1.7401001049505822,0.152323736871796,-0.14512601356407953,1.5287148665585328,-0.16945524651562585,-3.0989004302717036,
-1.740100104950658,0.1523632711204086,-0.15056728497234217,1.5602902000048418,-0.16931321267412672,-3.130934128940221,
-1.7401001049507354,0.15235528975746715,-0.15596547081478596,1.591912700897685,-0.16934189658062276,3.120169938420407,
-1.7401001049508111,0.15229967378067127,-0.1613206206885223,1.6235192446366473,-0.16954164019041387,3.088104261086454,
-1.7401001049508813,0.15219630066405518,-0.16663277762436365,1.6550468747327696,-0.1699122892315257,3.0561170819848726,
-1.7401001049509432,0.1520450444992485,-0.1719019782231819,1.6864335510383996,-0.17045319722327712,3.024270420743023,
-1.7401001049509943,0.15184577613658792,-0.17712825278928812,1.717618870899521,-0.1711632368057109,2.9926246597141413,
-1.740100104951033,0.15159836332621382,-0.1823116254610091,1.7485447426385254,-0.17204081797030668,2.961237870493053,
-1.7401001049510585,0.151302670859271,-0.18745211433864042,1.7791559933310945,-0.17308391255942668,2.9301652061380468,
-1.7401001049510711,0.15095856070932992,-0.1925497316099435,1.809400896255055,-0.17429008421688902,2.899458373721043,
-1.7401001049510718,0.150565892174154,-0.19760448367335626,1.8392316073835924,-0.17565652283397626,2.869165197833667,
-1.7401001049510623,0.15012452201790522,-0.2026163712590658,1.8686045045620543,-0.17718008244903363,2.8393292814099893,
-1.7401001049510443,0.14963430461390112,-0.2075853895480985,1.897480427243228,-0.1788573215253261,2.809989765991049,
-1.7401001049510196,0.14909509208801847,-0.21251152828957268,1.9258248185903089,-0.18068454454790156,2.7811811896219387,
-1.740100104950991,0.14850673446283477,-0.21739477191625087,1.953607775175564,-0.18265784393956447,2.752933437153439,
-1.7401001049509595,0.14786907980259775,-0.22223509965852747,1.9808040122597383,-0.18477314139024667,2.725271774963159,
-1.7401001049509275,0.14718197435910535,-0.22703248565698356,2.00739275465809,-0.1870262278134294,2.698216960090289,
-1.7401001049508962,0.14644526271856942,-0.23178689907362426,2.0333575644751267,-0.18941280127798202,2.671785412501888,
-1.7401001049508662,0.14565878794954412,-0.2364983042019281,2.0586861175686217,-0.19192850240465362,2.645989438630136,
-1.7401001049508387,0.1448223917519802,-0.2411666605758175,2.083369940571404,-0.19456894685547432,2.620837494352032,
-1.7401001049508138,0.1439359146074707,-0.2457919230776604,2.1074041197689874,-0.19732975467511138,2.596334476113501,
-1.7401001049662592,0.14299919593842186,-0.250374042029336,2.1307869916821773,-0.2002065763614911,2.5724820303495206,
-1.7401001049638645,0.14201207422877996,-0.25491296336614977,2.1535198279479566,-0.20319511564238898,2.5492788686020535,
-1.7401001049617482,0.14097438722854103,-0.2594086286358121,2.1756065137355893,-0.20629114902757287,2.5267210891117955,
-1.7401001049599032,0.13988597207404038,-0.26386097517885265,2.197053238257276,-0.20949054225921016,2.5048024863062026,
-1.7401001049583142,0.1387466654542016,-0.2682699362132964,2.2178681932950095,-0.21278926384832444,2.4835148522765547,
-1.7401001049569604,0.1375563037689609,-0.27263544093893327,2.2380612876010337,-0.2161833959112591,2.4628482623805588,
-1.7401001049558182,0.13631472328918381,-0.27695741464128076,2.257643879360476,-0.2196691425451147,2.4427913427829897,
-1.740100104954863,0.13502176031809718,-0.28123577879531103,2.2766285285832666,-0.223242835991259,2.4233315180672528,
-1.74010010495407,0.1336772513542336,-0.2854704511690181,2.295028770450373,-0.22690094083745185,2.404455237892841,
-1.7401001049534164,0.13228103325592236,-0.28966134592689485,2.3128589099452874,-0.230640056503385,2.3861481823677453,
-1.7401001049528808,0.13083294340731472,-0.2938083737333906,2.3301338375480376,-0.2344569182434038,2.3683954463585435,
-1.7401001049524447,0.1293328198859465,-0.297911441856403,2.34686886534266,-0.23834839688537368,2.351181703387227,
-1.740100104952091,0.12778050163183566,-0.30197045427087676,2.3630795825753066,-0.2423114975074922,2.334491350077591,
-1.7401001049518057,0.12617582861809679,-0.3059853117625548,2.378781729482512,-0.246343357236378,2.3183086323316604,
-1.7401001049515763,0.1245186420230524,-0.30995591203193895,2.393991088071759,-0.25044124233089293,2.3026177545540074,
-1.7401001049513924,0.12280878440382391,-0.31388214979851087,2.408723388464139,-0.2546025446975068,2.287402973314161,
-1.7401001049512455,0.12104609987135966,-0.317763916905253,2.4229942293880162,-0.258824777965101,2.2726486768581995,
-1.7401001049511284,0.11923043426687054,-0.32160110242351736,2.4368190114310595,-0.2631055732302374,2.258339451862159,
-1.7401001049510354,0.11736163533962993,-0.32539359275827684,2.4502128817055646,-0.267442674568317,2.2444601387723235,
-1.7401001049509617,0.11543955292607594,-0.32914127175379426,2.4631906886500747,-0.27183393439182696,2.2309958770093963,
-1.7401001049509033,0.11346403913017804,-0.3328440207997428,2.4757669457718214,-0.2762773087240551,2.2179321412320165,
-1.7401001049749076,0.11143494851317794,-0.3365017189276182,2.4879558028205673,-0.28077085244481026,2.205254770167256,
-1.740100104970398,0.10935213824189527,-0.34011424296072906,2.499771025884604,-0.28531271455772916,2.19294998652831,
-1.7401001049667224,0.10721546832669285,-0.3436814675537689,2.511225979004331,-0.2899011335104445,2.1810044153958725,
-1.7401001049637297,0.1050248017679177,-0.34720326534920853,2.5223336154477867,-0.2945344326073701,2.1694050929571373,
-1.7401001049612945,0.10278000475161009,-0.350679507073077,2.533106470908131,-0.2992110155319313,2.158139473313013,
-1.7401001049593143,0.10048094683581855,-0.35411006164422854,2.5435566608811198,-0.3039293619994388,2.147195431107528,
-1.7401001049577047,0.09812750113758051,-0.35749479628417347,2.5536958811308446,-0.3086880235536953,2.1365612610691236,
-1.7401001049563969,0.09571954452046405,-0.3608335766274782,2.5635354107304384,-0.3134856195169225,2.126225674977101,
-1.7401001049553342,0.09325695778254438,-0.364126266832721,2.5730861172284247,-0.31832083309927406,2.116177796502561,
-1.7401001049544709,0.09073962584470198,-0.3673727296940129,2.5823584635492254,-0.3231924076714661,2.106407154315299,
-1.7401001049537694,0.08816743793910317,-0.37057282675306186,2.5913625162883154,-0.3280991432017956,2.096903673796169,
-1.7401001049531994,0.08554028779772348,-0.3737264184117714,2.600107955108948,-0.33303989285701757,2.0876576676479823,
-1.740100104952736,0.08285807384078407,-0.3768333640453596,2.6086040829886015,-0.3380135597650847,2.078659825656793,
-1.7401001049523592,0.08012069936493116,-0.37989352211597055,2.616859837099784,-0.34301909393662267,2.069901203818908,
-1.7401001049520526,0.07732807273101051,-0.3829067502867563,2.6248838001419434,-0.34805548934113395,2.061373213016887,
-1.740100104951803,0.07448010755128202,-0.38587290553640746,2.632684211969361,-0.35312178113325177,2.0530676073996315,
-1.7401001049515998,0.07157672287588315,-0.38879184427408314,2.640268981384533,-0.3582170430239018,2.0449764725970625,
-1.7401001049514342,0.06861784337839008,-0.3916634224547252,2.6476456979879317,-0.36334038479089276,2.0370922138784784,
-1.7401001049512992,0.0656033995402756,-0.39448749569469926,2.6548216439936145,-0.36849094992326076,2.0294075443451187,
-1.7401001049511888,0.0625333278340866,-0.3972639193877262,2.6618038059362137,-0.373667913393583,2.0219154732313984,
-1.7401001049510987,0.05940757090514822,-0.3999925488210592,2.668598886208653,-0.37887047955246533,2.0146092943754437,
-1.740100104951025,0.05622607775159294,-0.402673239291851,2.6752133143818475,-0.38409788013944723,2.007482574907685,
-1.7401001049509648,0.05298880390251354,-0.4053058462236539,2.681653258267774,-0.38934937240466433,2.000529144196085,
-1.7401001049509155,0.04969571159403662,-0.4078902252830048,2.687924634696005,-0.39462423733574886,1.9937430830779257,
-1.7401001049773737,0.046346769950777265,-0.4104262324905558,2.694033119709459,-0.3999217779832492,1.9871187136676118,
-1.7401001049733025,0.04294195512521058,-0.4129137243604712,2.6999841598382748,-0.40524131788774687,1.9806505881107566,
-1.7401001049698703,0.03948125051602132,-0.415352557980958,2.7057829801318247,-0.41058219958235703,1.9743334805299435,
-1.7401001049669746,0.035964646899015816,-0.41774259115568957,2.711434594860117,-0.415943783194999,1.968162376352669,
-1.7401001049645297,0.03239214259861752,-0.42008368251313477,2.716943816303478,-0.4213254451235125,1.9621324635243884,
-1.7401001049624634,0.028763743646877917,-0.42237569162220673,2.7223152635222196,-0.42672657678848774,1.9562391237470083,
-1.7401001049607157,0.025079463938840547,-0.42461847910748846,2.7275533707824695,-0.4321465834581483,1.9504779240611516,
-1.740100104959236,0.02133932538405018,-0.42681190676395553,2.7326623956426346,-0.4375848831413995,1.9448446087677167,
-1.7401001049579823,0.017543358053955047,-0.4289558376711093,2.737646426706613,-0.44304090554538605,1.9393350916826,
-1.7401001049569191,0.013691600324981568,-0.43105013630643435,2.7425093910511347,-0.4485140910940929,1.933945448717193,
-1.7401001049560165,0.00978409901703718,-0.43309466865808094,2.747255061335614,-0.45400389000472385,1.9286719107762615,
-1.7401001049552496,0.00582090952722115,-0.43508930233669585,2.7518870626036502,-0.45950976141879085,1.9235108569640529,
-1.7401001049545972,0.0018020959584976815,-0.4370339066862883,2.756408878785859,-0.465031172585019,1.9184588080889418,
-1.7401001049540419,-0.0022722687568925617,-0.4389283528940465,2.760823858914096,-0.4705675980913527,1.9135124204565404,
-1.7401001049535685,-0.006402102739508825,-0.4407725140990069,2.765135223057367,-0.476118519143511,1.9086684799409628,
-1.7401001049535685,-0.006402102739508825,-0.4407725140990069,2.765135223057367,-0.476118519143511,1.9086684799409628,
-1.7345586834785212,-0.004964562590986582,-0.44221568671177874,2.7765863551706547,-0.47431351267296246,1.8984852419193474,
-1.7290070951858558,-0.003573548086251398,-0.44361079515198143,2.788137269322297,-0.472557550342952,1.888204162076181,
-1.723445655198541,-0.0022292774105536935,-0.44495775473111177,2.7997863535199237,-0.4708517370150533,1.8778267720494906,
-1.7178746821921371,-0.0009319627724615435,-0.4462564830541524,2.811531849701391,-0.46919716240362974,1.8673547508386352,
-1.7122944983022792,0.00031818976395406063,-0.4475069000876674,2.8233718521145437,-0.4675948991981642,1.856789926398661,
-1.7067054290249328,0.00152098044210532,-0.4487089282267879,2.835304306152547,-0.46604600115779343,1.8461342767780513,
-1.7011078031136788,0.0026762159718220382,-0.4498624923603038,2.8473270076378303,-0.46455150118358035,1.835389930805864,
-1.6955019524740964,0.0037837096840291954,-0.4509675199338003,2.8594376025807664,-0.46311240937474957,1.8245591683021538,
-1.6898882120553207,0.004843281680947712,-0.45202394101077015,2.871633587437411,-0.4617297110755403,1.8136444197873949,
-1.6842669197388487,0.005854758981612963,-0.45303168833164126,2.8839123098884456,-0.46040436491972536,1.8026482656688028,
-1.6786384162246828,0.006817975662506751,-0.4539906973706557,2.8962709701589593,-0.45913730088020893,1.7915734348839638,
-1.6730030449148958,0.007732772993107268,-0.4549009063905452,2.9087066228958354,-0.4579294183314466,1.7804228029850555,
-1.6673611517947091,0.008598999566156553,-0.45576225649493646,2.921216179616334,-0.45678158413271713,1.7691993896501186,
-1.6617130853111821,0.009416511422464049,-0.4565746916784367,2.9337964117379625,-0.45569463074050576,1.7579063556113543,
-1.6560591962496112,0.010185172170065317,-0.4573381588743433,2.9464439541959315,-0.45466935435844497,1.7465469989942002,
-1.6503998376077453,0.01090485309755833,-0.4580526079999245,2.959155309650476,-0.45370651313338034,1.735124751064986,
-1.6447353644679201,0.01157543328145146,-0.45871799199921554,2.971926853282036,-0.4528068254061775,1.7236431713892304,
-1.6390661338672297,0.012196799687368254,-0.4593342668832945,2.9847548381678792,-0.45197096802589304,1.7121059424070793,
-1.6333925046658437,0.012768847264956567,-0.4599013917679844,2.9976354012291697,-0.45119957473583233,1.7005168634369574,
-1.6277148374135946,0.01329147903635396,-0.46041932890893417,3.0105645697328454,-0.4504932346398738,1.6888798441231525,
-1.6220334942149481,0.013764606178087937,-0.4608880437340546,3.0235382683280005,-0.44985249075720785,1.6771988973477112,
-1.6163488385924905,0.014188148096275615,-0.46130750487325206,3.036552326591852,-0.4492778386733262,1.6654781316316731,
-1.6106612353490504,0.01456203249501575,-0.4616776841854422,3.0496024870558176,-0.44876972529472975,1.6537217430551818,
-1.6049710504285901,0.014886195437868422,-0.46199855678280427,3.0626844136778923,-0.44832854771435626,1.641934006730401,
-1.5992786507759953,0.015160581402322714,-0.4622701010522465,3.0757937007233367,-0.44795465219421954,1.630119267865298,
-1.5935844041958969,0.015385143327178394,-0.46249229867406627,3.0889258820118504,-0.4476483332711504,1.618281932460236,
-1.5878886792106595,0.015559842652756178,-0.46266513463776954,3.102076440485856,-0.44740983299088755,1.6064264576828289,
-1.582191844917674,0.015684649353889607,-0.46278859725504745,3.1152408180514124,-0.44723934027505335,1.594557341969659,
-1.576494270846091,0.015759541965632364,-0.4628626781698784,3.128414425640571,-0.44713699042479904,1.582679114906134,
-1.5707963268131353,0.015784507601651513,-0.46288737236575694,3.1415926534417893,-0.4471028647641051,1.5707963269379737,
-1.5650983827801384,0.01575954196527592,-0.46286267817003124,-3.1284144259362514,-0.4471369904248891,1.5589135389694977,
-1.5594008087084323,0.015684649353179248,-0.46278859725535215,-3.115240818346111,-0.4472393402752327,1.547035311905028,
-1.5537039744152426,0.015559842651697195,-0.46266513463822434,-3.1020764407789265,-0.4474098329911549,1.5351661961902914,
-1.5480082494297214,0.015385143325778198,-0.4624922986746683,-3.088925882302659,-0.4476483332715038,1.5233107214107078,
-1.5423140028492621,0.015160581400591507,-0.46227010105299304,-3.0757937010112673,-0.44795465219465663,1.5114733860028757,
-1.536621603196232,0.014886195435817439,-0.4619985567836896,-3.0626844139623497,-0.4483285477148735,1.4996586471344302,
-1.5309314182752651,0.01456203249266086,-0.4616776841864626,-3.049602487336233,-0.448769725295323,1.4878709108057586,
-1.5252438150312508,0.014188148093632356,-0.46130750487440136,-3.0365523268676853,-0.4492778386739916,1.4761145222248568,
-1.519559159408156,0.01376460617517422,-0.4608880437353263,-3.0235382685987457,-0.4498524907579403,1.4643937565039205,
-1.5138778162088133,0.013291479033189028,-0.4604193289103214,-3.0105645699980315,-0.45049323464066854,1.4527128097231277,
-1.5082001489558143,0.012768847261560795,-0.4599013917694793,-2.997635401488365,-0.45119957473668376,1.4410757904035547,
-1.50252651975363,0.01219679968376421,-0.4593342668848901,-2.984754838420692,-0.45197096802679537,1.4294867114272873,
-1.4968572891520975,0.01157543327766062,-0.4587179920009032,-2.971926853528117,-0.4528068254071251,1.4179494824386532,
-1.4911928160113925,0.010904853093604042,-0.45805260800169617,-2.9591553098895185,-0.4537065131343673,1.4064679027561187,
-1.4855334573686143,0.01018517216597126,-0.45733815887619056,-2.9464439544276724,-0.45466935435946476,1.395045654819871,
-1.4798795683061046,0.009416511418252128,-0.45657469168035014,-2.9337964119621827,-0.45569463074155264,1.3836862981954716,
-1.474231501821617,0.008598999561850573,-0.4557622564969081,-2.9212161798328578,-0.45678158413378545,1.3723932641492913,
-1.4685896087004537,0.00773277298873024,-0.4549009063925675,-2.9087066231045284,-0.4579294183325304,1.3611698508068082,
-1.4629542373896793,0.006817975658079731,-0.4539906973727192,-2.896270970359729,-0.459137300881303,1.350019218900263,
-1.45732573387452,0.005854758977157468,-0.45303168833373797,-2.8839123100812385,-0.4604043649208242,1.3389443881077348,
-1.4517044415570535,0.004843281676485557,-0.45202394101289306,-2.8716335876222114,-0.4617297110766382,1.3279482339814364,
-1.446090701137286,0.0037837096795783924,-0.45096751993594125,-2.859437602757595,-0.4631124093758421,1.3170334854589898,
-1.4404848504967203,0.0026762159674003053,-0.4498624923624554,-2.847327007806741,-0.4645515011846635,1.3062027229476423,
-1.4348872245844935,0.0015209804377303061,-0.4487089282289439,-2.8353043063136236,-0.4660460011588629,1.2954583769678973,
-1.4292981553061892,0.00031818975964167375,-0.44750690008982164,-2.8233718522678983,-0.467594899199216,1.2848027273398366,
-1.4237179714153911,-0.0009319627766976527,-0.44625648305629817,-2.811531849847162,-0.4691971624046603,1.2742379028925426,
-1.4181469984080681,-0.0022292774146996128,-0.4449577547332445,-2.799786353658271,-0.47085173701605976,1.2637658816745208,
-1.4125855584198574,-0.003573548090296911,-0.44361079515409585,-2.7881372694534026,-0.47255755034393215,1.253388491640837,
-1.4070339701263213,-0.004964562594920586,-0.4422156867138705,-2.776586355294715,-0.47431351267391375,1.2431074117908665,
-1.4014925486462375,-0.006402102742313872,-0.4407725141003562,-2.7651352231400033,-0.4761185191441738,1.232924173729066,
-1.395961605447985,-0.007885944538943973,-0.4392813642235418,-2.753785340820584,-0.47797145158945004,1.222840163620036,
-1.3904414482590797,-0.009415858357801964,-0.43774232614335573,-2.7425380343818464,-0.4798711803468424,1.2128566245083248,
-1.3849323809789114,-0.01099160911535138,-0.43615549099578604,-2.7313944907563874,-0.48181656601897005,1.2029746589728976,
-1.379434703594726,-0.012612956451417242,-0.4345209519174445,-2.7203557607394306,-0.48380646119057297,1.1931952320859915,
-1.3739487121008938,-0.014279654911770521,-0.43283880396864705,-2.7094227622362745,-0.4858397120950912,1.183519174646097,
-1.3684746984214993,-0.015991454133194503,-0.43110914405508405,-2.6985962837518227,-0.48791516022822395,1.1739471866551197,
-1.3630129503362833,-0.017748099030801694,-0.4293320708481386,-2.687876988092748,-0.49003164390590404,1.1644798410102728,
-1.3575637514099652,-0.019549329987375293,-0.42750768470393624,-2.6772654162535745,-0.4921879997645563,1.1551175873819675,
-1.3521273809249614,-0.021394883044513268,-0.4256360875811798,-2.6667619914588285,-0.49438306420191497,1.1458607562498508,
-1.3467041138175224,-0.023284490095350406,-0.4237173829578521,-2.6563670233344787,-0.49661567475707175,1.136709563070178,
-1.3412942206172955,-0.025217879078643757,-0.421751675746841,-2.6460807121830134,-0.49888467142879106,1.12766411254886,
-1.3358979673903235,-0.02719477417399111,-0.4197390722105656,-2.635903153337789,-0.5011888979314714,1.1187244029957828,
-1.3305156156854798,-0.02921489599798667,-0.4176796798746587,-2.6258343415736234,-0.5035272028884702,1.1098903307373524,
-1.3251474224843371,-0.03127796180108518,-0.41557360744077854,-2.6158741755520127,-0.5058984409627888,1.1011616945656006,
-1.3197936401544679,-0.03338368566497794,-0.41342096469861184,-2.606022462280789,-0.5083014739254043,1.0925382002036443,
-1.3144545164061607,-0.03553177870027336,-0.41122186243712516,-2.596278921569515,-0.5107351716617748,1.0840194647687398,
-1.309130294252541,-0.03772194924428229,-0.4089764123551374,-2.586643190463378,-0.5131984131172838,1.0756050212156665,
-1.303821211973076,-0.03995390305871747,-0.4066847269712597,-2.5771148276398166,-0.5156900871825727,1.067294322744611,
-1.2985275030804428,-0.04222734352711415,-0.404346919533273,-2.567693317753561,-0.5182090935199105,1.0590867471591965,
-1.29324939629073,-0.04454197185178644,-0.4019631039269946,-2.55837807571718,-0.520754343331896,1.0509816011616908,
-1.2879871154969464,-0.04689748725015019,-0.3995333945846848,-2.5491684509056145,-0.5233247600739256,1.0429781245738183,
-1.2827408797458,-0.04929358715022876,-0.39705790639305466,-2.5400637312744894,-0.5259192801119797,1.0350754944729144,
-1.2775109032177123,-0.05172996738517768,-0.3945367546009237,-2.5310631473832825,-0.5285368533273767,1.0272728292344375,
-1.2722973952100254,-0.054206322386674076,-0.3919700547265714,-2.5221658763156354,-0.5311764436702234,1.0195691924730637,
-1.2671005601233605,-0.056722345377008127,-0.3893579224648364,-2.5133710454902385,-0.5338370296633553,1.0119635968757321,
-1.2619205974510803,-0.059277728559731686,-0.3867004735940072,-2.50467773635681,-0.5365176048586067,1.0044550079210972,
-1.256757701771805,-0.06187216330872856,-0.38399782388254045,-2.4960849879726954,-0.5392171782472879,0.9970423474808479,
-1.2516120627449319,-0.06450534035555894,-0.38125008899566054,-2.4875918004565722,-0.5419347746267646,0.9897244972993019,
-1.2464838651091028,-0.0671769499749642,-0.37845738440186594,-2.479197138316592,-0.544669434925048,0.9825003023485561,
-1.241373288683563,-0.06988668216840332,-0.37561982527938353,-2.4708999336511326,-0.5474202164852982,0.9753685740572762,
-1.2362805083723503,-0.07263422684550642,-0.3727375264226073,-2.4626990892210445,-0.5501861933121404,0.9683280934119506,
-1.2312056941712601,-0.07541927400334837,-0.3698106021485457,-2.454593481392967,-0.5529664562816716,0.961377613930106,
-1.2261490111775117,-0.07824151390342453,-0.3668391662033142,-2.4465819629538736,-0.5557601133170047,0.9545158645055787,
-1.221110619602064,-0.0811006372462566,-0.3638233316686917,-2.438663365797594,-0.5585662895311748,0.9477415521265066,
-1.216090674784504,-0.08399633534352913,-0.3607632108687676,-2.4308365034845,-0.5613841273391876,0.9410533644671667,
-1.2110893272104462,-0.08692830028767985,-0.357658915276705,-2.4231001736760236,-0.5642127865409514,0.9344499723552462,
-1.2061067225313724,-0.08989622511887976,-0.3545105554216238,-2.415453160446017,-0.5670514443767807,0.9279300321164838,
-1.2011430015868398,-0.09289980398932396,-0.3513182407956443,-2.4078942364713267,-0.5698992955571259,0.9214921877989879,
-1.1961983004289887,-0.09593873232479672,-0.3480820797610728,-2.4004221651042195,-0.5727555522681121,0.9151350732797895,
-1.1912727503492748,-0.0990127069834341,-0.34480217945776864,-2.39303570232955,-0.5756194441544301,0.9088573142564484,
-1.1912727503492748,-0.0990127069834341,-0.34480217945776864,-2.39303570232955,-0.5756194441544301,0.9088573142564484,
-1.1912727503492522,-0.09507050162889022,-0.34302976413488706,-2.3869952404310815,-0.5714442442819901,0.9016662259324498,
-1.1912727503492861,-0.09117858649821249,-0.34120859062819686,-2.380861303066842,-0.5672939856700868,0.8943833764478754,
-1.1912727503493228,-0.08733706430489331,-0.339338747671072,-2.37463265841752,-0.5631693192459116,0.8870075507579916,
-1.191272750349363,-0.08354603103921472,-0.3374203252873404,-2.368308072547504,-0.5590709002999585,0.8795375305552092,
-1.191272750349407,-0.0798055760408015,-0.3354534147070434,-2.3618863105948282,-0.5549993886035322,0.8719720954682334,
-1.1912727503494551,-0.07611578207512584,-0.3334381082813324,-2.3553661380492033,-0.5509554485237264,0.8643100243495755,
-1.1912727503495075,-0.07247672541413927,-0.3313744993962007,-2.3487463221214258,-0.5469397491351262,0.8565500966547202,
-1.1912727503495653,-0.06888847592091467,-0.32926268238511264,-2.342025633207988,-0.5429529643274261,0.8486910939167484,
-1.1912727503496279,-0.06535109713814313,-0.3271027524405982,-2.3352028464546417,-0.5389957729081113,0.8407318013201525,
-1.191272750349696,-0.061864646380377905,-0.32489480552484556,-2.328276743422666,-0.5350688586992922,0.8326710093775799,
-1.1912727503497706,-0.05842917482987165,-0.32263893827936674,-2.321246113861521,-0.5311729106277545,0.8245075157131628,
-1.1912727503498517,-0.05504472763587783,-0.32033524793378154,-2.3141097575914618,-0.5273086228072194,0.8162401269560007,
-1.1912727503499398,-0.05171134401728506,-0.31798383221376747,-2.3068664864995996,-0.5234766946117739,0.8078676607472524,
-1.1912727503500358,-0.04842905736843957,-0.31558478924823,-2.299515126652701,-0.5196778307393787,0.7993889478641263,
-1.19127275035014,-0.04519789536802481,-0.31313821747574255,-2.292054520529865,-0.5159127412643146,0.7908028344638798,
-1.191272750350253,-0.04201788009085853,-0.3106442155502991,-2.2844835293779573,-0.5121821416773829,0.7821081844506939,
-1.1912727503503753,-0.03888902812247791,-0.3081028822464228,-2.2768010356924187,-0.5084867529126271,0.773303881968025,
-1.1912727503505076,-0.035811350676370375,-0.3055143163636797,-2.26900594582574,-0.5048273013593085,0.7643888340187077,
-1.1912727503506508,-0.0327848537137205,-0.3028786166306321,-2.2610971927255163,-0.5012045188578111,0.7553619732147058,
-1.1912727503508054,-0.02980953806554118,-0.30019588160827154,-2.2530737388035775,-0.49761914267813034,0.746222260657989,
-1.1912727503509721,-0.026885399557058435,-0.2974662095929676,-2.2449345789371957,-0.4940719154795509,0.7369686889535262,
-1.1912727503511518,-0.024012429134216695,-0.29468969851896876,-2.236678743602831,-0.4905635852500931,0.727600285354833,
-1.1912727503513447,-0.021190612992186615,-0.29186644586048105,-2.228305302142264,-0.4870949052242781,0.7181161150419149,
-1.191272750351552,-0.018419932705735675,-0.2889965485333635,-2.2198133661602926,-0.4836666337777392,0.7085152845307553,
-1.191272750351774,-0.015700365361361178,-0.28608010279645124,-2.211202093052417,-0.48027953429719283,0.6987969452127752,
-1.1912727503520115,-0.013031883691040845,-0.28311720415255387,-2.2024706896601307,-0.4769343750242666,0.6889602970218479,
-1.1912727503522653,-0.010414456207508428,-0.28010794724912025,-2.1936184160505277,-0.4736319288716871,0.6790045922255802,
-1.1912727503525355,-0.00784804734092026,-0.27705242577862027,-2.184644589416004,-0.47037297321032956,0.668929139336612,
-1.1912727503528233,-0.005332617576815299,-0.2739507323786327,-2.1755485880887484,-0.46715828962564915,0.6587333071386224,
-1.1912727503531286,-0.0028681235952561,-0.2708029585316727,-2.1663298556636565,-0.4639886636420418,0.648416528820658,
-1.1912727503534517,-0.00045451841104600805,-0.267609194464755,-2.1569879052220653,-0.4608648844137124,0.6379783062121711,
-1.1912727503537934,0.0019082484850733489,-0.2643695290487096,-2.147522323647503,-0.4577877443806847,0.6274182141099433,
-1.1912727503541531,0.00422023098434858,-0.261084049697251,-2.137932776023276,-0.45475803888864424,0.6167359046867084,
-1.1912727503545313,0.006481486217149768,-0.2577528422658019,-2.1282190101003815,-0.45177656577138064,0.6059311119699466,
-1.1912727503549274,0.00869207440940856,-0.254375990950074,-2.1183808608227497,-0.4488441248946925,0.5950036563778456,
-1.1912727503553413,0.010852058738442603,-0.2509535781843945,-2.1084182548953767,-0.44596151766071845,0.5839534492979693,
-1.1912727503557723,0.012961505188246196,-0.24748568453978143,-2.098331215379349,-0.4431295464717844,0.572780497692634,
-1.1912727503562197,0.015020482404329003,-0.2439723886217487,-2.088119866296237,-0.4403490141529986,0.5614849087134438,
-1.1912727503566822,0.017029061548165202,-0.2404137669678274,-2.077784437222746,-0.437620723332981,0.5500668943058792,
-1.1912727503571585,0.01898731615133163,-0.23680989394479474,-2.0673252678549825,-0.4349454757822943,0.5385267757832644,
-1.1912727503576472,0.020895321969391503,-0.2331608416455786,-2.0567428125200933,-0.43232407170933684,0.5268649883478804,
-1.1912727503581462,0.022753156835587266,-0.22946667978582583,-2.0460376446115855,-0.4297573090136754,0.5150820855355056,
-1.191272750358653,0.024560900514395415,-0.22572747560010026,-2.0352104609231247,-0.4272459824970219,0.5031787435581776,
-1.1912727503591656,0.026318634554992996,-0.22194329373768135,-2.024262085854258,-0.4247908830323181,0.49115576551860884,
-1.1912727503596803,0.02802644214468147,-0.21811419615793365,-2.013193475460221,-0.42239279669165547,0.4790140854684109,
-1.1912727503601943,0.029684407962310224,-0.21424024202520348,-2.002005721316825,-0.42005250383404313,0.46675477228110207,
-1.191272750360704,0.0312926180317337,-0.21032148760320898,-1.990700054170425,-0.417770778154343,0.45437903330990204,
-1.1912727503612053,0.03285115957533843,-0.20635798614887763,-1.979277847342129,-0.41554838569500113,0.4418882177994523,
-1.1912727503489884,0.03436012087104569,-0.20234978777915116,-1.9677406195549982,-0.41338608382251324,0.4292838197164649,
-1.1912727503489922,0.035819591092512724,-0.1982969394671756,-1.9560900389295763,-0.41128462017108147,0.41656748176674546,
-1.1912727503489962,0.03722966018324719,-0.19419948478179544,-1.9443279237256594,-0.4092447315556491,0.4037409961220462,
-1.1912727503489997,0.038590418697165514,-0.19005746387829783,-1.932456245582594,-0.40726714285798865,0.39080630768050634,
-1.1912727503490033,0.03990195765610307,-0.18587091336424677,-1.9204771309395492,-0.40535256588862506,0.37776551548932535,
-1.1912727503490066,0.041164368404133476,-0.18163986618885572,-1.9083928622999202,-0.40350169822853327,0.36462087401461163,
-1.1912727503490095,0.04237774246203711,-0.1773643515313955,-1.896205879031127,-0.40171522205460763,0.3513747939462494,
-1.1912727503490121,0.043542171381919625,-0.17304439468855556,-1.8839187776716757,-0.39999380295327547,0.3380298425096401,
-1.1912727503490144,0.044657746601960355,-0.16868001696067814,-1.8715343117192287,-0.39833808872694754,0.3245887432580548,
-1.1912727503490164,0.04572455930127982,-0.1642712355367857,-1.8590553908756045,-0.3967487081983013,0.31105437532151103,
-1.1912727503490177,0.04674270025489957,-0.1598180633783077,-1.846485079727221,-0.39522627001766886,0.2974297720906742,
-1.1912727503490186,0.04771225968877182,-0.15532050910141468,-1.8338265958424267,-0.39377136147905256,0.28371811931722196,
-1.1912727503490188,0.04863332713484122,-0.15077857685786267,-1.8210833072704793,-0.39238454735050926,0.26992275261541876,
-1.1912727503490186,0.04950599128610576,-0.14619226621423967,-1.8082587294305683,-0.39106636872482625,0.256047154353288,
-1.1912727503490177,0.05033033985163249,-0.14156157202951014,-1.7953565213832274,-0.38981734189654943,0.2420949499257168,
-1.191272750349016,0.051106459411480745,-0.1368864843307412,-1.7823804814807425,-0.38863795727152395,0.2280699034060891,
-1.1912727503490137,0.051834435271477255,-0.13216698818688843,-1.7693345423976292,-0.3875286783151504,0.21397591257751006,
-1.1912727503490106,0.05251435131778762,-0.12740306358051676,-1.756222765546946,-0.38648994054555885,0.19981700334937577,
-1.1912727503490068,0.05314628987121981,-0.12259468527732902,-1.7430493348930651,-0.38552215057784306,0.18559732356990202,
-1.1912727503490024,0.05373033154118473,-0.11774182269335305,-1.729818550176436,-0.38462568522538376,0.1713211362501303,
-1.1912727503489973,0.05426655507924608,-0.1128444397596544,-1.7165348195708696,-0.38380089066412154,0.15699281221993314,
-1.1912727503489913,0.05475503723217424,-0.10790249478441644,-1.7032026517988144,-0.38304808166540955,0.14261682224147043,
-1.1912727503489846,0.055195852594410545,-0.10291594031222502,-1.6898266477349433,-0.38236754090279484,0.12819772861040948,
-1.1912727503489775,0.05558907345986812,-0.0978847229804074,-1.6764114915330735,-0.3817595183377385,0.11374017627991256,
-1.1912727503489697,0.055934769672938,-0.09280878337222352,-1.6629619413159134,-0.3812242306888905,0.0992488835468742,
-1.1912727503489613,0.056233008478628985,-0.08768805586675858,-1.6494828194713016,-0.38076186098909665,0.08472863234405667,
-1.1912727503489522,0.056483854371702384,-0.08252246848530125,-1.6359790026024295,-0.3803725582338251,0.07018425818560359,
-1.191272750348943,0.056687368944693624,-0.07731194273401672,-1.6224554111829474,-0.3800564371241728,0.055620639816810404,
-1.1912727503489333,0.05684361073469136,-0.07205639344270526,-1.608916998970797,-0.3798135779070463,0.0410426886219813,
-1.1912727503489233,0.056952635068742076,-0.06675572859942684,-1.5953687422370484,-0.37964402631451716,0.02645533784663304,
-1.1912727503489131,0.05701449390772973,-0.06140984918074856,-1.5818156288678669,-0.3795477936037356,0.011863531692149468,
-1.191272750348903,0.057029235688596004,-0.05601864897739725,-1.5682626473990755,-0.3795248566981486,-0.0027277856576622176,
-1.1912727503488925,0.056996905164725116,-0.050582014415032885,-1.5547147760434064,-0.37957515843013284,-0.01731368101804682,
-1.1912727503488822,0.05691754324434018,-0.045099824369904874,-1.541176971770669,-0.3796986078844961,-0.031889243132593406,
-1.191272750348872,0.05679118682672932,-0.03957194997909017,-1.5276541595004496,-0.3798950808416802,-0.04644959349076314,
-1.191272750348862,0.056617868636114,-0.033998254445028214,-1.5141512214658637,-0.38016442031885284,-0.060989896975145244,
-1.1912727503488523,0.05639761705297274,-0.02837859283404873,-1.5006729868050983,-0.3805064372064933,-0.07550537228173529,
-1.191272750348843,0.05613045594260146,-0.022712811868552812,-1.4872242214351898,-0.3809209109974815,-0.08999130205881539,
-1.191272750348834,0.055816404480710104,-0.01700074971252414,-1.4738096182596592,-0.3814075906051729,-0.10444304271284176,
-1.1912727503488256,0.055455476975807605,-0.011242235749994214,-1.460433787758308,-0.3819661952664288,-0.11885603383306662,
-1.1912727503488176,0.055047682688157774,-0.005437090356099309,-1.4471012490037547,-0.3825964155251217,-0.13322580719034818,
-1.1912727503488103,0.05459302564502723,0.00041487533968724176,-1.4338164211451767,-0.3832979142912212,-0.14754799526971346,
-1.1912727503488036,0.054091504451983075,0.0063138596985432595,-1.4205836153953308,-0.3840703279702172,-0.16181833930063855,
-1.1912727503487974,0.053543112099938915,0.012260070825975461,-1.4074070275522443,-0.38491326765733325,-0.17603269675369207,
-1.191272750348792,0.05294783576766493,0.018253726834631123,-1.3942907310821742,-0.38582632039074266,-0.19018704827698343,
-1.1912727503487874,0.05230565661944318,0.024295056116747187,-1.3812386707854702,-0.38680905045781866,-0.20427750405082035,
-1.1912727503487832,0.051616549597540806,0.03038429762675435,-1.368254657062019,-0.3878610007483228,-0.2183003095439481,
-1.1912727503487799,0.05088048320914774,0.036521701174586835,-1.3553423607879753,-0.3889816941483713,-0.23225185065970605,
-1.191272750348777,0.05009741930741843,0.04270752773027431,-1.3425053088106285,-0.3901706349690102,-0.246128658265307,
-1.191272750348775,0.04926731286622065,0.048942049740433466,-1.3297468800635177,-0.39142731040327144,-0.25992741210218034,
-1.1912727503487732,0.04839011174818416,0.05522555145731129,-1.3170703022993522,-0.3927511920056838,-0.2736449440798766,
-1.1912727503487726,0.047465756465612866,0.06155832928106558,-1.3044786494340108,-0.3941417371883535,-0.28727824096032223,
-1.1912727503487726,0.047465756465612866,0.06155832928106558,-1.3044786494340108,-0.3941417371883535,-0.28727824096032223,
-1.1961983004251593,0.0506541277735513,0.05846773483370453,-1.3005729937012993,-0.38944650340069553,-0.290923958574067,
-1.20114300158212,0.0538021263729763,0.05542250490373034,-1.2965494099722417,-0.38473988321572244,-0.2946872159580515,
-1.2061067225255653,0.05690957193721946,0.05242257443555153,-1.292403797394667,-0.38002226468818967,-0.2985720344983806,
-1.2110893272033099,0.059976282846019524,0.04946788131713006,-1.2881318395947765,-0.3752940548187773,-0.30258265391629674,
-1.2160906747757412,0.06300207632964436,0.04655836626974269,-1.283728991144554,-0.37055568051040494,-0.30672354580846833,
-1.2211106196013866,0.06598676859748082,0.0436939727983767,-1.2791904625807649,-0.3658075895982992,-0.3109994286408578,
-1.2261490111767628,0.06893017502119714,0.04087464692891805,-1.2745112060877555,-0.3610502519575289,-0.31541528205630026,
-1.2312056941704297,0.07183211021088383,0.03810033736250731,-1.2696858967123479,-0.35628416070206687,-0.31997636569084437,
-1.2362805083714261,0.07469238819403495,0.035370995231940906,-1.2647089155155147,-0.3515098334745111,-0.32468823601196883,
-1.2413732886825304,0.07751082254393607,0.0326865740534366,-1.2595743298516617,-0.3467278138419143,-0.32955676604768197,
-1.2464838651079444,0.08028722651728866,0.030047029643088398,-1.2542758724932106,-0.3419386728048733,-0.3345881662654374,
-1.251612062743626,0.08302141319131551,0.027452320035330758,-1.2488069191911035,-0.3371430104310513,-0.33978900701395987,
-1.2567577017703249,0.08571319560032496,0.024902405403356885,-1.2431604645479235,-0.33234145762498474,-0.34516624265123574,
-1.2619205974493934,0.08836238687170414,0.022397247981447505,-1.2373290960712102,-0.32753467804723946,-0.3507272374910249,
-1.2671005601214256,0.09096880036130546,0.019936811989163906,-1.23130496626519,-0.32272337019733977,-0.3564797937096252,
-1.2722973952077912,0.09353224978819823,0.017521063557358156,-1.2250797626094359,-0.31790826967636937,-0.36243218136431543,
-1.2775109032151135,0.09605254936873742,0.015149970655957672,-1.218644675263238,-0.3130901516468032,-0.368593170684646,
-1.282740879742754,0.09852951394991817,0.012823503023490173,-1.2119903623246537,-0.30826983350894166,-0.37497206680755907,
-1.287987115493347,0.10096295914195944,0.010541632098307904,-1.2051069124638778,-0.30344817781531985,-0.3815787471366475,
-1.2932493962864413,0.10335270145008157,0.00830433095147523,-1.1979838047416886,-0.2986260954466816,-0.38842370151475414,
-1.2985275030752892,0.1056985584054173,0.006111574221285649,-1.1906098654160713,-0.29380454907552356,-0.3955180754067619,
-1.3038212119668295,0.10800034869501084,0.003963338049383979,-1.1829732215339672,-0.2889845569458884,-0.4028737162955913,
-1.3091302942449048,0.11025789229084333,0.0018596000184527158,-1.1750612511014384,-0.28416719700098725,-0.41050322349807167,
-1.3144545163967472,0.1124710105778325,-0.0001996609085575109,-1.1668605296250676,-0.2793536113934123,-0.41842000160783044,
-1.3197936401427677,0.11463952648074606,-0.002214464447683168,-1.1583567728215596,-0.27454501141614723,-0.42663831776820504,
-1.32514742246968,0.1167632645899603,-0.004184829051714129,-1.1495347753026808,-0.26974268289629894,-0.4351733629680037,
-1.3305156156823406,0.11884205128284786,-0.006110771932008849,-1.140378344545063,-0.26494799209664777,-0.4440413180528103,
-1.3358979673869151,0.12087571485915463,-0.007992309242147671,-1.1308702329356297,-0.26016239217984843,-0.453259421648059,
-1.3412942206135876,0.1228640856454994,-0.009829455949360813,-1.120992060790158,-0.25538743027889965,-0.46284604712770394,
-1.346704113813478,0.12480699612705866,-0.01162222600141795,-1.1107242392239163,-0.2506247552471229,-0.4728207797090743,
-1.352127380920535,0.12670428106390216,-0.013370632349931388,-1.1000458864936926,-0.24587612614170604,-0.4832045000839726,
-1.3575637514050978,0.12855577760846262,-0.015074686999592097,-1.0889347404248375,-0.2411434215133464,-0.49401947196097495,
-1.3630129503308985,0.13036132542138623,-0.016734401056062425,-1.0773670668185065,-0.2364286495746053,-0.5052894336255824,
-1.3684746984154963,0.13212076678567325,-0.018349784772514012,-1.0653175643190627,-0.231733959324257,-0.5170396930382569,
-1.3739487120941374,0.1338339467190539,-0.01992084759485104,-1.0527592664653331,-0.227061652708188,-0.5292972257466412,
-1.3794347035870318,0.13550071308451173,-0.021447598205610707,-1.0396634419608406,-0.22241419789948275,-0.542090774576843,
-1.3849323809700265,0.1371209166988852,-0.02293004456656993,-1.02599949459301,-0.21779424378059264,-0.5554509496737835,
-1.3904414482486538,0.13869441143947547,-0.02436819396005926,-1.0117348647275939,-0.2132046357082064,-0.5694103269643702,
-1.3959616054355295,0.1402210543485767,-0.02576205302899838,-0.9968349349237665,-0.20864843263557656,-0.5840035424980577,
-1.401492548631068,0.14170070573586177,-0.02711162781566641,-0.9812629429812335,-0.20412892565637766,-0.5992673793534562,
-1.4070339701074763,0.14313322927854677,-0.02841692379921749,-0.9649799066704811,-0.19964965801702245,-0.6152408428598815,
-1.4125855583959819,0.1445184921192557,-0.029677945931939786,-0.9479445655392514,-0.19521444661873802,-0.6319652187407779,
-1.4181469983994623,0.1458563649613916,-0.030894698646852837,-0.9301133458409682,-0.19082740499254305,-0.6494841081336284,
-1.4237179714062445,0.147146722162798,-0.03206718599166487,-0.911440361015049,-0.18649296768956106,-0.6678434270544858,
-1.4292981552964523,0.1483894418252978,-0.033195411522164424,-0.8918774485615271,-0.18221591593235634,-0.6870913694696725,
-1.4348872245741007,0.14958440588333996,-0.03427937842011254,-0.8713742677285553,-0.178001404327469,-0.7072783095495077,
-1.4404848504855796,0.15073150018911133,-0.035319089502997954,-0.8498784645122861,-0.17385498827935777,-0.7284566366095289,
-1.4460907011252686,0.15183061459510216,-0.03631454725291623,-0.8273359248543869,-0.16978265162131517,-0.7506805018520367,
-1.451704441543974,0.15288164303386723,-0.03726575384422621,-0.8036911359968638,-0.1657908337846222,-0.7740054569486493,
-1.4573257338601144,0.1538844835949392,-0.03817271117002545,-0.7788876792243832,-0.1618864555997478,-0.7984879612337209,
-1.4629542373735698,0.15483903859880244,-0.03903542086740348,-0.7528688796530636,-0.15807694254945828,-0.8241847318497012,
-1.468589608682103,0.15574521466788951,-0.039853884341516446,-0.7255786404200784,-0.15437024397365456,-0.8511519094901434,
-1.4742315018002699,0.15660292279451743,-0.0406281027884541,-0.6969624890261349,-0.15077484636364333,-0.8794440119883504,
-1.4798795682807113,0.15741207840572416,-0.041358077216926956,-0.6669688619401927,-0.14729977849036763,-0.90911264964235,
-1.4855334573377414,0.15817260142493392,-0.042043808468754294,-0.6355506489677007,-0.1439546057080053,-0.9402049807749774,
-1.491192815973121,0.15888441633040779,-0.04268529723816531,-0.6026670102389294,-0.1407494103957716,-0.972761894672553,
-1.4968572891367147,0.15954745221112643,-0.04328254407157599,-0.568285463814383,-0.1376947551960838,-1.0068159239036427,
-1.5025265197377204,0.16016164281606995,-0.043835549452863,-0.5323842289015848,-0.13480162556013967,-1.0423889010324623,
-1.5082001489393606,0.1607269266062675,-0.04434431372335615,-0.4949547631209451,-0.13208134815511643,-1.079489421268883,
-1.5138778161917916,0.16124324679767715,-0.04480883715640932,-0.4560044303562164,-0.1295454821447845,-1.1181101745450104,
-1.519559159390537,0.16171055140332644,-0.045229119956688324,-0.41555916732430465,-0.12720568115074038,-1.1582252788657568,
-1.5252438150130032,0.1621287932714517,-0.04560516227242917,-0.37366599372827913,-0.1250735250937824,-1.1997877700763795,
-1.5309314182563603,0.16249793012011063,-0.045936964206521706,-0.33039516808183345,-0.12316032303371319,-1.2427274459577475,
-1.5366216031766524,0.16281792456824207,-0.04622452582643196,-0.2858417649637496,-0.12147689058311877,-1.2869492888908596,
-1.5423140028290114,0.16308874416313252,-0.046467847172941404,-0.2401264408783645,-0.12003330831391576,-1.3323326999146938,
-1.5480082494088347,0.16331036140428368,-0.046666928267738286,-0.19339517389420183,-0.11883867053912353,-1.3787317590053114,
-1.5537039743937942,0.1634827537636342,-0.04682176911982557,-0.145817812561468,-0.11790083655059586,-1.4259766760755868,
-1.5594008086865392,0.16360590370214034,-0.046932369730772826,-0.09758535329433957,-0.11722619836300037,-1.4738765135097303,
-1.5650983827579565,0.16367979868268243,-0.04699873009879561,-0.048905976783804546,-0.11681947979477708,-1.5222231496669174,
-1.5707963267908487,0.1637044311792923,-0.04702085022166496,-1.3016379653643375e-10,-0.11668358095762722,-1.5707963266650034,
-1.5764942708238945,0.16367979868269938,-0.046998730098460076,0.048905976528420166,-0.11681947979474029,-1.6193695036680213,
-1.5821918448957535,0.16360590370217265,-0.04693236973013891,0.09758535305317347,-0.1172261983629315,-1.667716139839395,
-1.5878886791891755,0.16348275376367813,-0.046821769118959904,0.14581781234209507,-0.11790083655050267,-1.715615977295283,
-1.593584404174972,0.16331036140433414,-0.04666692826672499,0.19339517370177267,-0.11883867053901509,-1.7628608943924424,
-1.5992786507557095,0.1630887441631856,-0.0464678471718669,0.24012644071534994,-0.12003330831380263,-1.80925995351241,
-1.6049710504089827,0.16281792456829333,-0.04622452582537411,0.2858417648301435,-0.1214768905830087,-1.8546433645655893,
-1.6106612353301284,0.1624979301201577,-0.04593696420553991,0.3303951679756717,-0.12316032303361271,-1.898865207526087,
-1.6163488385742382,0.16212879327149177,-0.04560516227156044,0.3736659936463133,-0.12507352509369546,-1.9418048834316006,
-1.622033494197337,0.1617105514033596,-0.045229119955952156,0.4155591672626683,-0.12720568115066808,-1.9833673746625116,
-1.6277148373965922,0.16124324679770302,-0.044808837155807545,0.45600443031096427,-0.12954548214472655,-2.0234824789996093,
-1.63339250464942,0.16072692660628743,-0.04434431372287939,0.494954763088428,-0.1320813481550717,-2.062103232288447,
-1.6390661338513588,0.16016164281608455,-0.043835549452494973,0.5323842288786593,-0.13480162556010633,-2.099203752534442,
-1.6447353644525835,0.1595474522111372,-0.04328254407129963,0.5682854637984919,-0.13769475519605906,-2.1347767296702833,
-1.6503998375683222,0.1588844163314682,-0.04268529720895947,0.602667008686083,-0.14074941039324826,-2.1688307573665893,
-1.6560591962179234,0.1581726014256888,-0.04204380844659646,0.6355506478713507,-0.14395460570614668,-2.2013876717199063,
-1.6617130852852269,0.15741207840625027,-0.04135807720035223,0.6669688611736209,-0.14729977848901882,-2.232480003181797,
-1.6673611517729863,0.15660292279487512,-0.04062810277620153,0.6969624884944946,-0.15077484636267727,-2.2621486410703837,
-1.6730030448963038,0.15574521466812719,-0.03985388433255011,0.7255786400538411,-0.15437024397296997,-2.2904407437337686,
-1.678638416208427,0.1548390385989568,-0.039035420860897084,0.7528688794021335,-0.15807694254897775,-2.317407921489374,
-1.6842669197243632,0.15388448359503604,-0.03817271116533563,0.7788876790531845,-0.16188645559941306,-2.343104692184995,
-1.6898882120422072,0.15288164303392615,-0.03726575384086557,0.8036911358804363,-0.1657908337843902,-2.367587196524782,
-1.695501952462076,0.1518306145951363,-0.036314547250517394,0.8273359247753809,-0.1697826516211558,-2.3909121516587835,
-1.701107803102556,0.1507315001891302,-0.03531908950129323,0.8498784644587541,-0.17385498827924803,-2.4131360169267464,
-1.7067054290145713,0.14958440588334862,-0.03427937841890229,0.8713742676923036,-0.17800140432739409,-2.4343143440040373,
-1.7122944982925825,0.1483894418253007,-0.033195411521306985,0.8918774485369776,-0.1822159159323053,-2.4545012840955693,
-1.7178746821830355,0.1471467221627976,-0.032067185991057776,0.9114403609984145,-0.18649296768952645,-2.473749226518669,
-1.7234456551899833,0.14585636496138968,-0.03089469864642354,0.9301133458296851,-0.19082740499251946,-2.4921085454448764,
-1.7290070951611627,0.1445184921188831,-0.029677945889856495,0.9479445644779338,-0.19521444661651047,-2.509627433787029,
-1.7345586834591133,0.14313322927813307,-0.02841692376803995,0.9649799059150072,-0.1996496580154386,-2.5263518099738116,
-1.740100104942208,0.14170070573544968,-0.027111627792554178,0.9812629424425665,-0.20412892565525173,-2.5423252736971125,
